[15147.394872] [Project1] 4752 1588157809.047632779 1588157809.772746342
[15148.860687] [Project1] 4753 1588157810.525732277 1588157811.238578167
[15150.340355] [Project1] 4754 1588157811.975221721 1588157812.718216637
[15151.948889] [Project1] 4755 1588157813.503930388 1588157814.326816283
[15153.500584] [Project1] 4756 1588157815.105319676 1588157815.878525643
[15155.067641] [Project1] 4757 1588157816.676463065 1588157817.445601819
[15156.756683] [Project1] 4758 1588157818.292887019 1588157819.134664999
[15158.286051] [Project1] 4759 1588157819.925021790 1588157820.664049565
[15159.803045] [Project1] 4760 1588157821.427690647 1588157822.181060275
[15161.370880] [Project1] 4761 1588157822.944553107 1588157823.748914603
